111

7

Ι 258, 2 99. 259, 21 99. 266, 2. 262, 22 99. 263, 2. 264,12
Ι 99. 265, 18 99. 1111271, 1199. 278, 799. 286, 12. 285,
1 2 99. 285, 6 99. 28828. 289599. 289,15. 291, 7 sq.

T· 294, 19. 294, 29 sq. 296, 24 sq. 299, 25. 391,11. 397,17
³ ¹sqq. 991, 31 sq. 994, 3 sq. 333, 19. 397, 9 sq. 311, 5.
Ν 912, 23. 31311 sq. 314, 5.

811199 verba 19191· 99 9991911919 91 plerumque 111 ’
7 gemtivo casu sed 91191919 91119 collocata 9 duabus aliis
vocibus reguntur, 9999 91 1999919191 99 99999299 9991,
fi 9119991 19919 verba 119 disiunguntur, 9191191911191111119
¹ 19191· has duas 119999 ponatur, 91 II: 91, 4 1719 79111999·-
1119111111 sede 1991991119. Eodem modo H: 91, 28. 96,15.
111: 16418. 197, 14. V: 148, 2. 71 156, 22. 711 178, 8.
VIII: 187, 5. IX: 211, 11. XII: 283, 25. 289, 25. 298, 13.

311, 3.

89999 verborum ordo is 991, 91 duo verba 19 gen.
vel in 9770 casu 991199919 111191 duas alias voces 19191
99 connexas 1999199191, 91 II: 89, 13 9911919111 999112
2 1119191971919119. Eodem 91911911 91,1. 92, 3. 94, 2. 166,
¹ 2. 19915. 131,19.111:191,25.102,2.1936. 16315.
2 193, 23. 104, 9. 164,19. 165, 5. 196, 26. 167, 7. 116, 25.
111,18. 1127. 112, 28. 171195 119,15 119, 27.
122, 28. 126,18 126,16.127,4.127,26.127,28 128,
25. 136, 24181, 27 7.182,16 8,12,13182,19, 132, ‚
2199. 188,22. 184,21. 135. 1. 135, 26. 187, 16. 188, 26.
146,194 141, 8. 143, 24. 146, 19. 147, 8. 148, 7. 71 149,
16 999. 149, 25. 151, 32. 157,12. 711 161, 17. 161, 26.
162, 25. 164, 25. 166, 26. 168,1, 169, 12 sq. 172, 29.
173199. 178,7. 7111186, 29. 181, 25. 185,18. 186, 7.
. 196, 25. 181,8. IX: 268,,9 266,.9 211, 14. 211, 17. 211,
23. 11 219, 23 217, 29 219,13. 2221ss 22416. 223,'
17. 229, 17. 285,6. 241, 1. XI. 245, 27. 246,15. 249,11
1 999. 2568. 251, 26. 255, 24 256,11. 2586. 266, 24.
261,11. 262, 21, 268, 26. 264, 7. 268, 27. 276,16. XII:
271, 26, 272, 32. 273, 23. 276, 2. 286, 26. 282, 18. 287,
Ι 27. 288, 2. 291, 17 999. 292,1. 292,5. 292, 9. 295, 3.

 

